[2025-02-20T12:24:19.415+0000] {taskinstance.py:1979} INFO - Dependencies all met for dep_context=non-requeueable deps ti=<TaskInstance: extract_sp500.load_to_bigquery manual__2025-02-20T12:24:16.889493+00:00 [queued]>
[2025-02-20T12:24:19.433+0000] {taskinstance.py:1979} INFO - Dependencies all met for dep_context=requeueable deps ti=<TaskInstance: extract_sp500.load_to_bigquery manual__2025-02-20T12:24:16.889493+00:00 [queued]>
[2025-02-20T12:24:19.435+0000] {taskinstance.py:2193} INFO - Starting attempt 1 of 1
[2025-02-20T12:24:19.467+0000] {taskinstance.py:2214} INFO - Executing <Task(_PythonDecoratedOperator): load_to_bigquery> on 2025-02-20 12:24:16.889493+00:00
[2025-02-20T12:24:19.475+0000] {standard_task_runner.py:60} INFO - Started process 251 to run task
[2025-02-20T12:24:19.479+0000] {standard_task_runner.py:87} INFO - Running: ['airflow', 'tasks', 'run', 'extract_sp500', 'load_to_bigquery', 'manual__2025-02-20T12:24:16.889493+00:00', '--job-id', '197', '--raw', '--subdir', 'DAGS_FOLDER/extract-sp500.py', '--cfg-path', '/tmp/tmplr81kr5h']
[2025-02-20T12:24:19.483+0000] {standard_task_runner.py:88} INFO - Job 197: Subtask load_to_bigquery
[2025-02-20T12:24:19.513+0000] {logging_mixin.py:188} WARNING - /home/airflow/.local/lib/python3.9/site-packages/airflow/settings.py:194 DeprecationWarning: The sql_alchemy_conn option in [core] has been moved to the sql_alchemy_conn option in [database] - the old setting has been used, but please update your config.
[2025-02-20T12:24:19.592+0000] {task_command.py:423} INFO - Running <TaskInstance: extract_sp500.load_to_bigquery manual__2025-02-20T12:24:16.889493+00:00 [running]> on host deproject-airflow-scheduler
[2025-02-20T12:24:19.775+0000] {taskinstance.py:2510} INFO - Exporting env vars: AIRFLOW_CTX_DAG_OWNER='airflow' AIRFLOW_CTX_DAG_ID='extract_sp500' AIRFLOW_CTX_TASK_ID='load_to_bigquery' AIRFLOW_CTX_EXECUTION_DATE='2025-02-20T12:24:16.889493+00:00' AIRFLOW_CTX_TRY_NUMBER='1' AIRFLOW_CTX_DAG_RUN_ID='manual__2025-02-20T12:24:16.889493+00:00'
[2025-02-20T12:24:20.222+0000] {logging_mixin.py:188} INFO -           Date  Close/Last     Open     High      Low
0   02/19/2025     6144.15  6117.76  6147.43  6111.15
1   02/18/2025     6129.58  6121.60  6129.63  6099.51
2   02/14/2025     6114.63  6115.52  6127.47  6107.62
3   02/13/2025     6115.07  6060.59  6116.91  6050.95
4   02/12/2025     6051.97  6025.08  6063.00  6003.00
5   02/11/2025     6068.50  6049.32  6076.28  6042.34
6   02/10/2025     6066.44  6046.40  6073.38  6044.84
7   02/07/2025     6025.99  6083.13  6101.28  6019.96
8   02/06/2025     6083.57  6072.22  6084.03  6046.83
9   02/05/2025     6061.48  6020.45  6062.86  6007.06
10  02/04/2025     6037.88  5998.14  6042.48  5990.87
11  02/03/2025     5994.57  5969.65  6022.13  5923.93
12  01/31/2025     6040.53  6096.79  6120.91  6030.93
13  01/30/2025     6071.17  6050.75  6086.64  6027.46
14  01/29/2025     6039.31  6057.70  6062.83  6012.96
15  01/28/2025     6067.70  6026.97  6074.54  5994.63
16  01/27/2025     6012.28  5969.04  6017.17  5962.92
17  01/24/2025     6101.24  6121.43  6128.18  6088.74
18  01/23/2025     6118.71  6076.32  6118.73  6074.67
19  01/22/2025     6086.37  6081.39  6100.81  6076.13
20  01/21/2025     6049.24  6014.12  6051.51  6006.88
[2025-02-20T12:24:20.265+0000] {logging_mixin.py:188} INFO -          Date  Close/Last     Open     High      Low
0  2025-02-19     6144.15  6117.76  6147.43  6111.15
1  2025-02-18     6129.58  6121.60  6129.63  6099.51
2  2025-02-14     6114.63  6115.52  6127.47  6107.62
3  2025-02-13     6115.07  6060.59  6116.91  6050.95
4  2025-02-12     6051.97  6025.08  6063.00  6003.00
5  2025-02-11     6068.50  6049.32  6076.28  6042.34
6  2025-02-10     6066.44  6046.40  6073.38  6044.84
7  2025-02-07     6025.99  6083.13  6101.28  6019.96
8  2025-02-06     6083.57  6072.22  6084.03  6046.83
9  2025-02-05     6061.48  6020.45  6062.86  6007.06
10 2025-02-04     6037.88  5998.14  6042.48  5990.87
11 2025-02-03     5994.57  5969.65  6022.13  5923.93
12 2025-01-31     6040.53  6096.79  6120.91  6030.93
13 2025-01-30     6071.17  6050.75  6086.64  6027.46
14 2025-01-29     6039.31  6057.70  6062.83  6012.96
15 2025-01-28     6067.70  6026.97  6074.54  5994.63
16 2025-01-27     6012.28  5969.04  6017.17  5962.92
17 2025-01-24     6101.24  6121.43  6128.18  6088.74
18 2025-01-23     6118.71  6076.32  6118.73  6074.67
19 2025-01-22     6086.37  6081.39  6100.81  6076.13
20 2025-01-21     6049.24  6014.12  6051.51  6006.88
[2025-02-20T12:24:23.468+0000] {logging_mixin.py:188} INFO - Data Load Error: Reason: 400 POST https://bigquery.googleapis.com/upload/bigquery/v2/projects/final-project-450410/jobs?uploadType=multipart: Invalid field name "Close/Last". Fields must contain the allowed characters, and be at most 300 characters long. For allowed characters, please refer to https://cloud.google.com/bigquery/docs/schemas#column_names
[2025-02-20T12:24:23.469+0000] {python.py:202} INFO - Done. Returned value was: None
[2025-02-20T12:24:23.490+0000] {taskinstance.py:1149} INFO - Marking task as SUCCESS. dag_id=extract_sp500, task_id=load_to_bigquery, execution_date=20250220T122416, start_date=20250220T122419, end_date=20250220T122423
[2025-02-20T12:24:23.556+0000] {local_task_job_runner.py:234} INFO - Task exited with return code 0
[2025-02-20T12:24:23.593+0000] {taskinstance.py:3309} INFO - 0 downstream tasks scheduled from follow-on schedule check
